note,time,duration
55,96,102
62,192,204
55,384,115
62,480,187
55,672,127
62,768,191
55,960,105
62,1056,181
59,1248,110
55,1344,145
54,1632,108
63,1728,203
59,1920,99
63,2016,180
59,2208,84
64,2304,170
59,2496,104
63,2592,190
59,2784,110
54,2880,125
55,3168,108
64,3264,203
60,3456,99
64,3552,180
60,3744,84
65,3840,170
60,4032,104
64,4128,190
60,4320,110
55,4416,125
55,4704,108
63,4800,203
60,4992,99
63,5088,180
60,5280,84
65,5376,170
60,5568,104
63,5664,190
60,5856,110
55,5952,125
55,6240,102
62,6336,204
55,6528,115
62,6624,187
55,6816,127
62,6912,191
55,7104,105
62,7200,181
59,7392,110
55,7488,145
54,7776,108
63,7872,203
59,8064,99
63,8160,180
59,8352,84
64,8448,170
59,8640,104
63,8736,190
59,8928,110
54,9024,125
55,9312,108
64,9408,203
60,9600,99
64,9696,180
60,9888,84
65,9984,170
60,10176,104
64,10272,190
60,10464,110
55,10560,125
55,10848,108
63,10944,203
60,11136,99
63,11232,180
60,11424,84
65,11520,170
60,11712,104
63,11808,190
60,12000,110
55,12096,125
55,12384,102
62,12480,204
55,12672,115
62,12768,187
55,12960,127
62,13056,191
55,13248,105
62,13344,181
59,13536,110
55,13632,145
54,13920,108
63,14016,203
59,14208,99
63,14304,180
59,14496,84
64,14592,170
59,14784,104
63,14880,190
59,15072,110
54,15168,125
55,15456,108
64,15552,203
60,15744,99
64,15840,180
60,16032,84
65,16128,170
60,16320,104
64,16416,190
60,16608,110
55,16704,125
55,16992,108
63,17088,203
60,17280,99
63,17376,180
60,17568,84
65,17664,170
60,17856,104
63,17952,190
60,18144,110
55,18240,125
55,18528,102
62,18624,204
55,18816,115
62,18912,187
55,19104,127
62,19200,191
55,19392,105
62,19488,181
59,19680,110
55,19776,145
54,20064,108
63,20160,203
59,20352,99
63,20448,180
59,20640,84
64,20736,170
59,20928,104
63,21024,190
59,21216,110
54,21312,125
55,21600,108
64,21696,203
60,21888,99
64,21984,180
60,22176,84
65,22272,170
60,22464,104
64,22560,190
60,22752,110
55,22848,125
55,23136,108
63,23232,203
60,23424,99
63,23520,180
60,23712,84
65,23808,170
60,24000,104
63,24096,190
60,24288,110
55,24384,125
55,24672,102
62,24768,204
55,24960,115
62,25056,187
55,25248,127
62,25344,191
55,25536,105
62,25632,181
59,25824,110
55,25920,145
54,26208,108
63,26304,203
59,26496,99
63,26592,180
59,26784,84
64,26880,170
59,27072,104
63,27168,190
59,27360,110
54,27456,125
55,27744,108
64,27840,203
60,28032,99
64,28128,180
60,28320,84
65,28416,170
60,28608,104
64,28704,190
60,28896,110
55,28992,125
55,29280,108
63,29376,203
60,29568,99
63,29664,180
60,29856,84
65,29952,170
60,30144,104
63,30240,190
60,30432,110
55,30528,125
55,30816,102
62,30912,204
55,31104,115
62,31200,187
55,31392,127
62,31488,191
55,31680,105
62,31776,181
59,31968,110
55,32064,145
54,32352,108
63,32448,203
59,32640,99
63,32736,180
59,32928,84
64,33024,170
59,33216,104
63,33312,190
59,33504,110
54,33600,125
55,33888,108
64,33984,203
60,34176,99
64,34272,180
60,34464,84
65,34560,170
60,34752,104
64,34848,190
60,35040,110
55,35136,125
55,35424,108
63,35520,203
60,35712,99
63,35808,180
60,36000,84
65,36096,170
60,36288,104
63,36384,190
60,36576,110
55,36672,125
55,36960,102
62,37056,204
55,37248,115
62,37344,187
55,37536,127
62,37632,191
55,37824,105
62,37920,181
59,38112,110
55,38208,145
54,38496,108
63,38592,203
59,38784,99
63,38880,180
59,39072,84
64,39168,170
59,39360,104
63,39456,190
59,39648,110
54,39744,125
55,40032,108
64,40128,203
60,40320,99
64,40416,180
60,40608,84
65,40704,170
60,40896,104
64,40992,190
60,41184,110
55,41280,125
55,41568,108
63,41664,203
60,41856,99
63,41952,180
60,42144,84
65,42240,170
60,42432,104
63,42528,190
60,42720,110
55,42816,125
55,43104,102
62,43200,204
55,43392,115
62,43488,187
55,43680,127
62,43776,191
55,43968,105
62,44064,181
59,44256,110
55,44352,145
54,44640,108
63,44736,203
59,44928,99
63,45024,180
59,45216,84
64,45312,170
59,45504,104
63,45600,190
59,45792,110
54,45888,125
55,46176,108
64,46272,203
60,46464,99
64,46560,180
60,46752,84
65,46848,170
60,47040,104
64,47136,190
60,47328,110
55,47424,125
55,47712,108
63,47808,203
60,48000,99
63,48096,180
60,48288,84
65,48384,170
60,48576,104
63,48672,190
60,48864,110
55,48960,125
55,49248,102
62,49344,204
55,49536,115
62,49632,187
55,49824,127
62,49920,191
55,50112,105
62,50208,181
59,50400,110
55,50496,145
54,50784,108
63,50880,203
59,51072,99
63,51168,180
59,51360,84
64,51456,170
59,51648,104
63,51744,190
59,51936,110
54,52032,125
55,52320,108
64,52416,203
60,52608,99
64,52704,180
60,52896,84
65,52992,170
60,53184,104
64,53280,190
60,53472,110
55,53568,125
55,55392,102
62,55488,204
55,55680,115
62,55776,187
55,55968,127
62,56064,191
55,56256,105
62,56352,181
59,56544,110
55,56640,145
54,56928,108
63,57024,203
59,57216,99
63,57312,180
59,57504,84
64,57600,170
59,57792,104
63,57888,190
59,58080,110
54,58176,125
55,58464,108
64,58560,203
60,58752,99
64,58848,180
60,59040,84
65,59136,170
60,59328,104
64,59424,190
60,59616,110
55,59712,125
55,60000,108
63,60096,203
60,60288,99
63,60384,180
60,60576,84
65,60672,170
60,60864,104
63,60960,190
60,61152,110
55,61248,125
55,61536,102
62,61632,204
55,61824,115
62,61920,187
55,62112,127
62,62208,191
55,62400,105
62,62496,181
59,62688,110
55,62784,145
54,63072,108
63,63168,203
59,63360,99
63,63456,180
59,63648,84
64,63744,170
59,63936,104
63,64032,190
59,64224,110
54,64320,125
55,64608,108
64,64704,203
60,64896,99
64,64992,180
60,65184,84
65,65280,170
60,65472,104
64,65568,190
60,65760,110
55,65856,125
43,67589,239
45,67829,220
47,68037,536
